STAT | user 20713 | sys 12598 | idle 16338821 | iowait 77
STAT | user 20713 | sys 12598 | idle 16338821 | iowait 77
STAT | user 20713 | sys 12598 | idle 16338821 | iowait 77
STAT | user 20713 | sys 12598 | idle 16338821 | iowait 77
STAT | user 20713 | sys 12598 | idle 16338821 | iowait 77
STAT | user 20713 | sys 12598 | idle 16338821 | iowait 77
STAT | user 20713 | sys 12598 | idle 16338821 | iowait 77
STAT | user 20713 | sys 12598 | idle 16338821 | iowait 77
STAT | user 20713 | sys 12598 | idle 16338821 | iowait 77
STAT | user 20713 | sys 12598 | idle 16338821 | iowait 77
STAT | user 20713 | sys 12598 | idle 16338821 | iowait 77
STAT | user 20713 | sys 12598 | idle 16338821 | iowait 77
NET | interface tunl0 | Rbytes 0 | Rpackets 0 | Tbytes 0 | Tpackets 0
NET | interface ip6tnl0 | Rbytes 0 | Rpackets 0 | Tbytes 0 | Tpackets 0
NET | interface eth0 | Rbytes 2372 | Rpackets 30 | Tbytes 0 | Tpackets 0
MEM | memtotal 4027704 | memfree 2828984 | swaptotal 1048572 | swapfree 1048572
PROC | pid 1 | ppid 0 | loginuid 0 | comm bash | username root
     | cutime 0 | cstime 0 | utime 0 | stime 1
     | cmdline : 
PROC | pid 85 | ppid 0 | loginuid 0 | comm bash | username root
     | cutime 0 | cstime 2 | utime 4 | stime 10
     | cmdline : cat /proc/self/cmdline
STAT | user 20713 | sys 12598 | idle 16338821 | iowait 77
MEM | memtotal 4027704 | memfree 2828984 | swaptotal 1048572 | swapfree 1048572
STAT | user 20713 | sys 12598 | idle 16338821 | iowait 77
NET | interface tunl0 | Rbytes 0 | Rpackets 0 | Tbytes 0 | Tpackets 0
NET | interface ip6tnl0 | Rbytes 0 | Rpackets 0 | Tbytes 0 | Tpackets 0
NET | interface eth0 | Rbytes 2372 | Rpackets 30 | Tbytes 0 | Tpackets 0
STAT | user 20713 | sys 12598 | idle 16338821 | iowait 77
MEM | memtotal 4027704 | memfree 2828984 | swaptotal 1048572 | swapfree 1048572
PROC | pid 1 | ppid 0 | loginuid 0 | comm bash | username root
     | cutime 0 | cstime 0 | utime 0 | stime 1
     | cmdline : 
PROC | pid 85 | ppid 0 | loginuid 0 | comm bash | username root
     | cutime 0 | cstime 2 | utime 4 | stime 10
     | cmdline : cat /proc/self/cmdline
STAT | user 20713 | sys 12598 | idle 16338821 | iowait 77
STAT | user 20713 | sys 12598 | idle 16338821 | iowait 77
MEM | memtotal 4027704 | memfree 2828984 | swaptotal 1048572 | swapfree 1048572
NET | interface tunl0 | Rbytes 0 | Rpackets 0 | Tbytes 0 | Tpackets 0
NET | interface ip6tnl0 | Rbytes 0 | Rpackets 0 | Tbytes 0 | Tpackets 0
NET | interface eth0 | Rbytes 2372 | Rpackets 30 | Tbytes 0 | Tpackets 0
STAT | user 20713 | sys 12598 | idle 16338821 | iowait 77
STAT | user 20713 | sys 12598 | idle 16338821 | iowait 77
MEM | memtotal 4027704 | memfree 2828984 | swaptotal 1048572 | swapfree 1048572
PROC | pid 1 | ppid 0 | loginuid 0 | comm bash | username root
     | cutime 0 | cstime 0 | utime 0 | stime 1
     | cmdline : 
PROC | pid 85 | ppid 0 | loginuid 0 | comm bash | username root
     | cutime 0 | cstime 2 | utime 4 | stime 10
     | cmdline : cat /proc/self/cmdline
STAT | user 20713 | sys 12598 | idle 16338821 | iowait 77
NET | interface tunl0 | Rbytes 0 | Rpackets 0 | Tbytes 0 | Tpackets 0
NET | interface ip6tnl0 | Rbytes 0 | Rpackets 0 | Tbytes 0 | Tpackets 0
NET | interface eth0 | Rbytes 2372 | Rpackets 30 | Tbytes 0 | Tpackets 0
STAT | user 20713 | sys 12598 | idle 16338821 | iowait 77
MEM | memtotal 4027704 | memfree 2828984 | swaptotal 1048572 | swapfree 1048572
STAT | user 20713 | sys 12598 | idle 16338821 | iowait 77
STAT | user 20713 | sys 12598 | idle 16338821 | iowait 77
MEM | memtotal 4027704 | memfree 2828984 | swaptotal 1048572 | swapfree 1048572
NET | interface tunl0 | Rbytes 0 | Rpackets 0 | Tbytes 0 | Tpackets 0
NET | interface ip6tnl0 | Rbytes 0 | Rpackets 0 | Tbytes 0 | Tpackets 0
NET | interface eth0 | Rbytes 2372 | Rpackets 30 | Tbytes 0 | Tpackets 0
PROC | pid 1 | ppid 0 | loginuid 0 | comm bash | username root
     | cutime 0 | cstime 0 | utime 0 | stime 1
     | cmdline : 
PROC | pid 85 | ppid 0 | loginuid 0 | comm bash | username root
     | cutime 0 | cstime 2 | utime 4 | stime 10
     | cmdline : cat /proc/self/cmdline
STAT | user 20713 | sys 12598 | idle 16338821 | iowait 77
STAT | user 20713 | sys 12598 | idle 16338821 | iowait 77
MEM | memtotal 4027704 | memfree 2828984 | swaptotal 1048572 | swapfree 1048572
STAT | user 20713 | sys 12598 | idle 16338821 | iowait 77
NET | interface tunl0 | Rbytes 0 | Rpackets 0 | Tbytes 0 | Tpackets 0
NET | interface ip6tnl0 | Rbytes 0 | Rpackets 0 | Tbytes 0 | Tpackets 0
NET | interface eth0 | Rbytes 2372 | Rpackets 30 | Tbytes 0 | Tpackets 0
STAT | user 20713 | sys 12598 | idle 16338821 | iowait 77
PROC | pid 1 | ppid 0 | loginuid 0 | comm bash | username root
     | cutime 0 | cstime 0 | utime 0 | stime 1
     | cmdline : 
PROC | pid 85 | ppid 0 | loginuid 0 | comm bash | username root
     | cutime 0 | cstime 2 | utime 4 | stime 10
     | cmdline : cat /proc/self/cmdline
MEM | memtotal 4027704 | memfree 2828984 | swaptotal 1048572 | swapfree 1048572
STAT | user 20713 | sys 12598 | idle 16338821 | iowait 77
STAT | user 20713 | sys 12598 | idle 16338821 | iowait 77
NET | interface tunl0 | Rbytes 0 | Rpackets 0 | Tbytes 0 | Tpackets 0
NET | interface ip6tnl0 | Rbytes 0 | Rpackets 0 | Tbytes 0 | Tpackets 0
NET | interface eth0 | Rbytes 2372 | Rpackets 30 | Tbytes 0 | Tpackets 0
MEM | memtotal 4027704 | memfree 2828984 | swaptotal 1048572 | swapfree 1048572
STAT | user 20713 | sys 12598 | idle 16338821 | iowait 77
STAT | user 20713 | sys 12598 | idle 16338821 | iowait 77
PROC | pid 1 | ppid 0 | loginuid 0 | comm bash | username root
     | cutime 0 | cstime 0 | utime 0 | stime 1
     | cmdline : 
PROC | pid 85 | ppid 0 | loginuid 0 | comm bash | username root
     | cutime 0 | cstime 2 | utime 4 | stime 10
     | cmdline : cat /proc/self/cmdline
MEM | memtotal 4027704 | memfree 2828984 | swaptotal 1048572 | swapfree 1048572
STAT | user 20713 | sys 12598 | idle 16338821 | iowait 77
NET | interface tunl0 | Rbytes 0 | Rpackets 0 | Tbytes 0 | Tpackets 0
NET | interface ip6tnl0 | Rbytes 0 | Rpackets 0 | Tbytes 0 | Tpackets 0
NET | interface eth0 | Rbytes 2372 | Rpackets 30 | Tbytes 0 | Tpackets 0
STAT | user 20713 | sys 12598 | idle 16338821 | iowait 77
MEM | memtotal 4027704 | memfree 2828984 | swaptotal 1048572 | swapfree 1048572
STAT | user 20713 | sys 12598 | idle 16338821 | iowait 77
STAT | user 20713 | sys 12598 | idle 16338821 | iowait 77
PROC | pid 1 | ppid 0 | loginuid 0 | comm bash | username root
     | cutime 0 | cstime 0 | utime 0 | stime 1
     | cmdline : 
PROC | pid 85 | ppid 0 | loginuid 0 | comm bash | username root
     | cutime 0 | cstime 2 | utime 4 | stime 10
     | cmdline : cat /proc/self/cmdline
NET | interface tunl0 | Rbytes 0 | Rpackets 0 | Tbytes 0 | Tpackets 0
NET | interface ip6tnl0 | Rbytes 0 | Rpackets 0 | Tbytes 0 | Tpackets 0
NET | interface eth0 | Rbytes 2372 | Rpackets 30 | Tbytes 0 | Tpackets 0
MEM | memtotal 4027704 | memfree 2828984 | swaptotal 1048572 | swapfree 1048572
STAT | user 20713 | sys 12598 | idle 16338821 | iowait 77
